Version 0.9.7
5
 4 10 175 77 128 0 1
 5 80 400 206 81 2 2
 0 110 110 877 276 8 3
 1 75 403 206 81 140 4
 3 561 216 203 58 163 6
 0
31
 255 5 71 189 71 189 71 137 71 137 163 137 163 137 0 1 0 3
 16711680 5 71 288 71 288 71 358 71 358 163 358 163 358 0 1 0 3
 255 5 71 228 71 228 53 228 53 414 90 414 90 414 0 1 0 4
 16711680 5 71 275 71 275 59 275 59 472 90 472 90 472 0 1 0 4
 33023 5 131 414 131 414 137 414 137 414 137 319 137 319 0 4 0 3
 33023 5 150 414 150 414 150 414 150 319 150 319 150 319 0 4 0 3
 33023 5 169 414 169 414 163 414 163 414 163 319 163 319 0 4 0 3
 255 5 241 176 241 176 241 176 241 137 241 137 241 137 0 3 0 3
 255 5 345 176 345 176 345 176 345 137 345 137 345 137 0 3 0 3
 255 5 449 176 449 176 449 176 449 137 449 137 449 137 0 3 0 3
 16711680 5 319 319 319 319 319 319 319 358 319 358 319 358 0 3 0 3
 16711680 5 423 319 423 319 423 319 423 358 423 358 423 358 0 3 0 3
 16711680 5 527 319 527 319 527 319 527 358 527 358 527 358 0 3 0 3
 8388672 5 137 280 137 280 137 297 241 297 241 280 241 280 0 3 0 3
 8388672 5 150 306 150 306 150 306 150 306 345 306 345 306 0 3 0 3
 8388672 5 358 306 358 306 358 299 254 299 254 280 254 280 0 3 0 3
 8388672 5 267 280 267 280 267 293 267 293 449 293 449 293 0 3 0 3
 65280 5 163 293 163 293 163 287 293 287 293 280 293 280 0 3 0 3
 65280 5 306 280 306 280 306 280 462 280 462 280 462 280 0 3 0 3
 65280 5 137 293 137 293 137 280 137 280 280 280 280 280 0 3 0 3
 4227327 5 137 267 137 267 137 267 137 228 137 228 137 228 0 3 0 3
 8388863 5 137 189 137 189 137 189 358 189 358 189 358 189 0 3 0 3
 8388863 5 371 202 371 202 371 202 254 202 254 202 254 202 0 3 0 3
 33023 5 150 267 150 267 150 267 150 228 150 228 150 228 0 3 0 3
 8388863 5 267 215 267 215 267 215 150 215 150 215 150 215 0 3 0 3
 8388863 5 280 215 280 215 280 215 436 215 436 215 436 215 0 3 0 3
 8388863 5 436 228 436 228 436 228 436 267 436 267 436 267 0 3 0 3
 8388863 5 436 306 436 306 436 306 501 306 501 306 501 306 0 3 0 3
 4227327 5 475 280 475 280 475 280 488 280 488 280 488 280 0 3 0 3
 8388672 5 572 253 572 253 572 358 572 358 579 358 579 358 0 6 0 3
 8388672 5 514 280 514 280 607 280 607 280 607 260 607 260 0 3 0 6
3
 7008 1 14 235 228 5 0 1993812812 1991993695 3
 7032 1 14 443 228 5 0 1993812812 1991993695 3
 7004 1 14 339 228 5 0 1993812812 1991993695 3
