Version 0.9.7
5
 4 10 175 77 128 0 1
 5 80 400 206 81 2 2
 0 90 103 877 276 8 3
 1 45 391 206 81 140 4
 3 360 33 203 58 163 6
 0
43
 255 5 71 189 71 189 71 130 71 130 143 130 143 130 0 1 0 3
 16711680 5 71 288 71 288 71 351 71 351 143 351 143 351 0 1 0 3
 16711680 5 71 275 71 275 71 460 71 460 60 460 60 460 0 1 0 4
 255 5 71 202 71 202 60 202 60 202 60 402 60 402 0 1 0 4
 16512 5 101 402 101 402 117 402 117 402 117 312 117 312 0 4 0 3
 16512 5 120 402 120 402 130 402 130 402 130 312 130 312 0 4 0 3
 16512 5 139 402 139 402 143 402 143 402 143 312 143 312 0 4 0 3
 16512 5 158 402 158 402 158 312 158 312 156 312 156 312 0 4 0 3
 65535 5 117 299 117 299 117 299 117 299 169 299 169 299 0 3 0 3
 255 5 169 169 169 169 169 169 169 130 169 130 169 130 0 3 0 3
 255 5 273 169 273 169 273 169 273 130 273 130 273 130 0 3 0 3
 255 5 377 169 377 169 377 169 377 130 377 130 377 130 0 3 0 3
 255 5 481 169 481 169 481 169 481 130 481 130 481 130 0 3 0 3
 16711680 5 455 312 455 312 455 312 455 351 455 351 455 351 0 3 0 3
 16711680 5 351 312 351 312 351 312 351 351 351 351 351 351 0 3 0 3
 16711680 5 247 351 247 351 247 351 247 312 247 312 247 312 0 3 0 3
 16711680 5 559 312 559 312 559 312 559 351 559 351 559 351 0 3 0 3
 65535 5 130 299 130 299 130 336 182 336 182 299 182 299 0 3 0 3
 65535 5 143 299 143 299 143 306 273 306 273 299 273 299 0 3 0 3
 65535 5 286 312 286 312 286 312 208 312 208 312 208 312 0 3 0 3
 65535 5 156 299 156 299 156 322 221 322 221 299 221 299 0 3 0 3
 65535 5 195 286 195 286 195 367 377 367 377 286 377 286 0 3 0 3
 65535 5 234 286 234 286 234 336 390 336 390 286 390 286 0 3 0 3
 4210816 5 117 260 117 260 117 260 117 221 117 221 117 221 0 3 0 3
 4210816 5 130 260 130 260 130 260 130 221 130 221 130 221 0 3 0 3
 4210816 5 143 260 143 260 143 260 143 221 143 221 143 221 0 3 0 3
 4210816 5 156 260 156 260 156 260 156 221 156 221 156 221 0 3 0 3
 65280 5 117 208 117 208 117 254 286 254 286 208 286 208 0 3 0 3
 65280 5 299 208 299 208 299 227 182 227 182 208 182 208 0 3 0 3
 65280 5 130 208 130 208 130 232 195 232 195 208 195 208 0 3 0 3
 65280 5 208 208 208 208 208 232 391 232 391 208 390 208 0 3 0 3
 65280 5 156 208 156 208 156 238 403 238 403 208 403 208 0 3 0 3
 8421440 5 130 195 130 195 130 195 221 195 221 195 221 195 0 3 0 3
 8421440 5 143 182 143 182 143 182 234 182 234 182 234 182 0 3 0 3
 8421440 5 247 195 247 195 247 195 312 195 312 195 312 195 0 3 0 3
 128 5 403 286 403 286 403 286 468 286 468 286 468 286 0 3 0 3
 128 5 468 260 468 260 468 260 468 221 468 221 468 221 0 3 0 3
 128 5 416 208 416 208 416 195 416 195 507 195 507 195 0 3 0 3
 128 5 520 208 520 208 520 208 533 208 533 208 533 208 0 3 0 3
 8421504 5 325 182 325 182 325 182 546 182 546 182 546 182 0 3 0 3
 16744703 5 494 208 494 208 494 208 468 208 468 208 468 208 0 3 0 3
 8388672 5 371 70 371 70 371 351 371 351 585 351 585 351 0 6 0 3
 8388672 5 559 208 559 208 559 77 559 77 406 77 406 77 0 3 0 6
4
 7008 1 14 163 221 5 0 1993812812 1991993695 3
 7004 1 14 267 221 5 0 1993812812 1991993695 3
 7008 1 14 371 221 5 0 1993812812 1991993695 3
 7032 1 14 475 221 5 0 1993812812 1991993695 3
