Version 0.9.7
5
 4 10 175 77 128 0 1
 5 80 400 206 81 2 2
 0 99 100 877 276 8 3
 1 56 396 206 81 140 4
 3 313 31 203 58 165 6
 0
29
 255 5 71 189 71 189 71 127 71 127 152 127 152 127 0 1 0 3
 255 5 71 288 71 288 71 348 71 348 152 348 152 348 0 1 0 3
 255 5 71 228 71 228 55 228 55 407 71 407 71 407 0 1 0 4
 255 5 71 275 71 275 71 275 71 465 71 465 71 465 0 1 0 4
 255 5 112 407 112 407 126 407 126 407 126 309 126 309 0 4 0 3
 255 5 131 407 131 407 139 407 139 407 139 309 139 309 0 4 0 3
 255 5 150 407 150 407 152 407 152 407 152 309 152 309 0 4 0 3
 255 5 204 166 204 166 204 166 204 127 204 127 204 127 0 3 0 3
 255 5 282 309 282 309 282 309 282 348 282 348 282 348 0 3 0 3
 255 5 334 166 334 166 334 166 334 127 334 127 334 127 0 3 0 3
 255 5 412 309 412 309 412 309 412 348 412 348 412 348 0 3 0 3
 255 5 126 270 126 270 126 270 204 270 204 270 204 270 0 3 0 3
 255 5 139 296 139 296 139 334 334 334 334 309 334 309 0 3 0 3
 255 5 347 309 347 309 347 309 217 309 217 309 217 309 0 3 0 3
 255 5 230 296 230 296 230 326 360 326 360 309 360 309 0 3 0 3
 255 5 373 296 373 296 373 317 243 317 243 296 243 296 0 3 0 3
 255 5 347 296 347 296 347 302 256 302 256 296 256 296 0 3 0 3
 255 5 464 166 464 166 464 166 464 127 464 127 464 127 0 3 0 3
 255 5 542 309 542 309 542 309 542 348 542 348 542 348 0 3 0 3
 255 5 269 296 269 296 269 297 464 297 464 296 464 296 0 3 0 3
 255 5 126 296 126 296 126 361 386 361 386 309 386 309 0 3 0 3
 255 5 399 309 399 309 399 309 477 309 477 309 477 309 0 3 0 3
 255 5 490 270 490 270 490 270 451 270 451 270 451 270 0 3 0 3
 255 5 451 257 451 257 451 257 451 218 451 218 451 218 0 3 0 3
 255 5 451 192 451 192 451 192 217 192 217 192 217 192 0 3 0 3
 255 5 152 257 152 257 152 257 152 218 152 218 152 218 0 3 0 3
 255 5 152 205 152 205 152 205 230 205 230 205 230 205 0 3 0 3
 8388672 5 243 205 243 205 243 75 243 75 359 75 359 75 0 3 0 6
 8388672 5 324 68 324 68 324 348 324 348 321 348 321 348 0 6 0 3
3
 7008 1 14 198 218 5 0 1993812812 1991993695 3
 7004 1 14 328 218 5 0 1993812812 1991993695 3
 7032 1 14 458 218 5 0 1993812812 1991993695 3
