Version 0.9.7
5
 4 10 175 77 128 0 1
 5 80 400 206 81 2 2
 0 95 89 877 276 8 3
 1 65 373 206 81 140 4
 3 174 26 203 58 150 5
 0
29
 255 5 71 189 71 189 71 116 71 116 148 116 148 116 0 1 0 3
 255 5 71 275 71 275 90 275 90 337 148 337 148 337 0 1 0 3
 255 5 71 228 71 228 53 228 53 384 80 384 80 384 0 1 0 4
 255 5 71 288 71 288 71 442 71 442 80 442 80 442 0 1 0 4
 255 5 121 384 121 384 121 298 121 298 122 298 122 298 0 4 0 3
 255 5 140 384 140 384 135 384 135 384 135 298 135 298 0 4 0 3
 255 5 159 384 159 384 148 384 148 384 148 298 148 298 0 4 0 3
 255 5 122 259 122 259 122 253 200 253 200 259 200 259 0 3 0 3
 255 5 278 298 278 298 278 298 278 337 278 337 278 337 0 3 0 3
 255 5 408 298 408 298 408 298 408 337 408 337 408 337 0 3 0 3
 255 5 538 298 538 298 538 298 538 337 538 337 538 337 0 3 0 3
 255 5 200 155 200 155 200 155 200 116 200 116 200 116 0 3 0 3
 255 5 330 155 330 155 330 155 330 116 330 116 330 116 0 3 0 3
 255 5 460 155 460 155 460 155 460 116 460 116 460 116 0 3 0 3
 255 5 135 259 135 259 135 259 213 259 213 259 213 259 0 3 0 3
 255 5 226 259 226 259 226 251 460 251 460 259 460 259 0 3 0 3
 255 5 122 285 122 285 122 311 330 311 330 298 330 298 0 3 0 3
 255 5 343 285 343 285 343 285 473 285 473 285 473 285 0 3 0 3
 255 5 486 259 486 259 486 259 447 259 447 259 447 259 0 3 0 3
 255 5 447 246 447 246 447 246 447 207 447 207 447 207 0 3 0 3
 255 5 447 194 447 194 447 200 395 200 395 194 395 194 0 3 0 3
 255 5 408 194 408 194 408 194 473 194 473 194 473 194 0 3 0 3
 255 5 343 298 343 298 343 304 239 304 239 298 239 298 0 3 0 3
 255 5 252 298 252 298 148 298 148 298 148 285 148 285 0 3 0 3
 255 5 265 285 265 285 265 285 291 285 291 285 291 285 0 3 0 3
 255 5 291 246 291 246 291 246 291 207 291 207 291 207 0 3 0 3
 255 5 291 168 291 168 291 168 486 168 486 168 486 168 0 3 0 3
 255 5 185 63 185 63 185 337 185 337 590 337 590 337 0 5 0 3
 255 5 499 194 499 194 499 70 499 70 220 70 220 70 0 3 0 5
3
 7008 1 14 194 207 5 0 1993812812 1991993695 3
 7004 1 14 324 207 5 0 1993812812 1991993695 3
 7032 1 14 454 207 5 0 1993812812 1991993695 3
